0.0517024
-1.06666
-0.405985
-0.351082
-0.365124
0.686509
0.8572
0.157451
-0.176854
-0.245744
0.835994
-0.347421
0.0617543
-0.0543723
0.360687
-0.212782
-0.0202208
0.312839
0.182353
-0.536038
-0.0160572
-0.123989
0.0645999
-0.0685703
0.380697
-0.0299066
-0.017654
-0.094748
-0.00895069
0.177084
-0.274376
-0.208428
0.129599
0.129057
0.0194728
0.131572
-0.0150542
-0.157906
-0.440305
0.0968418
-0.323401
0.103536
0.0283662
-0.196941
-0.168292
-0.280206
0.210086
-0.0968959
-0.248167
-0.563971
-0.241865
0.144529
0.392146
-0.3229
-0.413173
-0.399301
0.0630699
-0.154143
-0.0269124
-0.483247
-0.126813
0.320427
-0.359132
-0.503045
-0.166414
-0.0330831
0.0655211
-0.33888
0.255235
-0.433922
-0.191465
0.378845
0.0284702
-0.487215
-0.78642
-0.305452
0.381752
-0.321901
-0.205882
-0.506009
-0.25055
0.4763
0.00105489
-0.24961
-0.319988
-0.477172
0.135467
-0.406676
-0.354649
-0.179713
-0.279108
-0.295556
-0.132766
-0.00182723
0.582042
-0.176543
0.0030532
-0.566977
0.227453
-0.255834
-0.0826797
-0.071821
-0.0941683
0.197648
0.105396
0.0516545
-0.166124
0.0573584
0.0653169
-0.018872
0.128155
-0.147507
-0.020915
-0.206485
-0.221332
-0.0850952
0.408623
0.271323
-0.198006
-0.436745
-0.0166608
-0.12948
-0.28656
0.0531766
-0.371756
0.426988
0.301707
-0.192872
0.088516
-0.0920015
-0.34792
0.622735
-0.220761
0.261063
0.359045
-0.153977
-0.366793
-0.590734
-0.51713
-0.302502
-0.345706
-0.484714
0.332693
0.0131543
0.0206972
-0.0870209
0.320777
-0.204899
0.054435
-0.411405
-0.0918486
0.206214
0.264595
-0.21725
-0.14316
-0.570121
-0.151696
0.145336
-0.0216208
0.0189249
0.0305331
-0.206152
0.125896
0.188287
0.317729
-0.195082
-0.299986
-0.0386354
-0.150686
-0.168246
0.392244
-0.119218
-0.185875
0.0166366
-0.59079
0.29341
-0.3898
-0.597054
-0.266375
0.287674
0.0704634
0.271441
0.0204486
-0.0425141
-0.258216
-0.168684
-0.338606
0.0119848
0.247711
-0.177624
0.157147
-0.290152
0.0138665
-0.539229
-0.034144
-0.666202
-0.233975
0.197385
0.294446
-0.3789
-0.300523
0.433772
0.0877684
-0.26107
-0.0947392
-0.344879
-0.61406
-0.0861794
0.332302
0.249327
-0.155226
-0.0547815
-0.00663653
0.0556699
0.0719255
0.325559
0.461999
0.22658
-0.220907
-0.190102
-0.108412
-0.437681
0.0869011
0.388019
-0.107772
0.475247
0.373704
0.00416146
-0.252597
0.15711
0.428345
0.0559798
0.732271
0.238165
0.00921874
-0.27093
1.00856
0.489219
-0.167602
0.296744
0.680301
0.455783
0.846106
-0.158156
-0.123554
0.272949
1.15555
0.0410021
0.0119659
-0.0951836
0.455361
0.14839
0.78544
0.0230384
0.249686
-0.0993103
1.32829
0.480822
0.524423
0.106507
0.725033
0.919355
0.587386
-0.00652944
0.408831
0.892265
1.01053
0.100306
0.174022
-0.0302162
0.619267
0.550302
0.758646
0.0974812
0.15583
0.723179
1.07171
0.807146
-0.033374
0.0586822
0.664592
0.942795
0.651196
0.233179
0.172572
0.802914
0.546829
-0.120131
0.176547
-0.061399
0.425018
0.30745
0.18727
0.30256
0.0519485
0.855863
-0.100309
0.528157
0.0542773
-0.202068
-0.951908
-0.690176
-0.328582
0.163031
0.112899
1.04253
-1.15563
0.49663
-0.15221
-0.0261202
-0.862145
-1.2299
-0.677184
-0.652508
-0.457819
0.370982
-1.52589
0.813045
-0.125629
0.300582
-0.57888
-0.711305
-0.421626
-0.120915
-0.0456736
-0.033258
-0.0390358
0.183732
0.166654
-0.130163
-0.0930545
-0.0473485
-0.334359
0.276408
-0.207783
-0.434683
0.720714
-0.624665
-0.211887
0.0877482
0.071971
-0.231128
-0.362454
-0.480472
0.00555
-0.57576
0.576939
-0.615466
-0.24518
0.349966
-0.402237
-0.318617
-0.519929
0.0417605
-0.117143
-0.740803
0.368523
-0.511391
-0.0862379
-0.00254838
0.0572752
-0.216123
-0.496096
-0.00375594
-0.114053
-0.821899
0.325366
-0.578213
-0.146857
-0.00916388
0.0440038
-0.295628
-0.374022
-0.0661024
-0.252647
-0.916046
0.556647
-0.45393
-0.190013
-0.15045
-0.119109
-0.235192
-0.366825
0.0484127
-0.383369
-0.763571
0.295833
-0.552631
0.0832394
-0.0240318
-0.136313
-0.0139015
-0.267408
0.117225
-0.274961
-0.640484
-0.319039
-0.408862
-0.561264
-0.435004
-0.079873
-0.167999
-0.137431
-0.179193
-0.201514
-0.308963
-2.0214
-0.385278
-0.713856
-0.386816
-0.182343
0.0062578
-0.15955
-0.216685
-0.566774
0.0665205
-1.76693
-0.525059
-0.389915
-0.685288
-0.129189
0.320522
-0.290955
-0.0618958
0.0383588
-0.0109292
-1.23655
-0.549547
-0.501825
-0.388024
-0.374378
0.0883879
-0.0561726
0.0065768
-0.0280112
-0.079014
-0.825964
-0.565105
0.12029
0.153423
-0.173736
0.294985
0.0498561
0.237302
-0.0361054
0.202965
-0.838868
-0.109099
0.157266
0.144194
-0.104793
0.29265
0.128977
0.104817
-0.126402
0.240457
0.143072
0.00649396
-0.139165
0.3452
0.196042
0.271851
0.476302
0.0620465
0.321994
-0.0937421
0.703504
0.34309
-0.214167
-0.0266958
-0.306404
0.0415883
0.389253
-0.195277
-0.648951
1.21152
-2.36313
1.3044
-0.268198
-0.445546
0.0362273
-0.043721
-0.00516589
0.0964138
-0.0558449
-1.02984
1.21422
-0.249207
-0.280152
-0.00577254
-0.298236
-0.0112876
0.0210924
0.0756773
-0.111868
-1.05126
1.28145
-0.909599
0.0433669
0.00132384
0.204868
0.179063
-0.0418164
-0.077397
-0.383791
-0.569454
1.05951
-1.06577
-0.0740548
0.214812
0.299631
0.318568
-0.128959
0.183598
-0.487866
-0.855889
1.11686
-0.817594
-0.174251
-0.100362
-0.130724
-0.187492
0.330848
-0.0277746
-0.0518551
0.202481
0.611154
-0.792959
0.16415
-0.313513
-0.621845
-0.142809
0.325604
-0.484351
0.198425
1.05031
-2.09404
1.28199
-0.179772
-0.264191
-0.106745
0.18303
-0.0214606
-0.10841
0.0913619
-0.249507
-0.0945318
0.00684876
0.0165238
-0.130104
0.158137
0.0225121
-0.066335
-0.104295
-0.0864616
0.0193759
-0.00411225
0.00848615
-0.180583
-0.0414506
-1.93613
-0.923323
-2.09274
-2.09725
-1.66585
-1.28067
-1.01903
-1.58968
-1.4844
-2.41262
